{
  "BTC": 69288.2,
  "ETH": 2022.8,
  "BNB": 619.4,
  "XRP": 1.4068,
  "DOGE": 0.09303,
  "SOL": 84.3,
  "DOT": 1.283,
  "LTC": 53.38,
  "LINK": 8.577,
  "HBAR": 0.09147,
  "CFX": 0.04614,
  "TRX": 0.27761,
  "TON": 1.349,
  "NEAR": 0.997,
  "LDO": 0.3411,
  "CRO": 0.07891,
  "ETC": 8.36,
  "XLM": 0.15937,
  "BCH": 517.3,
  "UNI": 3.368,
  "SUI": 0.9338,
  "FIL": 0.911,
  "STX": 0.2562,
  "CRV": 0.2352,
  "AAVE": 109.57,
  "APT": 0.989
}